covariance:
    k: 0.01
    k_r: 0.05
    k_phi: 0.05

topic:
    image: /camera/image_raw
    encoder: /encoder

camera:
    fx: 525.2866213437447
    fy: 525.2178123117577
    cx: 472.85738972861157
    cy: 264.77181506420266

    k1: 0.04160142651680036
    k2: -0.04771035303381654
    p1: -0.0032638387781624705
    p2: -0.003985120051161831
    k3: 0.01110263483766991

odom:
    kl: 0.05
    kr: 0.05
    b: 0.09

extrinsic:
    Trc: [0.0, 0.258819, 0.965926, 0.18, -1.0, 0.0, 0.0, -0.1, 0.0, -0.965926, 0.258819, 0.0]

aruco:
    n_markers: 30
    marker_size: 4
    marker_length: 0.14  







